
$orca_hessian_file

$act_atom
  0

$act_coord
  0

$act_energy
        0.000000

$hessian
9
                    0                  1                  2                  3                  4        
    0      8.4530827121E-01   1.8673304396E-08   2.0065834584E-08  -8.0376788475E-01   3.3282210321E-08
    1      1.8673304396E-08   1.3340165424E-02  -6.8212102633E-10   2.3135030176E-08  -2.9707410050E-02
    2      2.0065834584E-08  -6.8212102633E-10   1.3340165708E-02   2.1373017765E-08   1.4210854715E-09
    3     -8.0376788475E-01   2.3135030176E-08   2.1373017765E-08   1.3472447937E+00   4.8458626174E-08
    4      3.3282210321E-08  -2.9707410050E-02   1.4210854715E-09   4.8458626174E-08   5.8932692980E-02
    5      3.2315311365E-08  -6.5369931690E-10  -2.9707410136E-02   4.8658138803E-08  -3.9790393202E-10
    6     -4.5193779414E-02  -4.0643044474E-08  -4.0955683257E-08  -5.4130601799E-01  -8.2422957560E-08
    7     -5.6875996967E-10   1.6372972595E-02   5.6843418860E-11  -3.6915661500E-10  -2.9224831138E-02
    8     -8.5287384794E-10   0.0000000000E+00   1.6372973193E-02   6.8234341786E-10  -8.2422957348E-10
                    5                  6                  7                  8        
     0      3.2315311365E-08  -4.5193779414E-02  -5.6875996967E-10  -8.5287384794E-10
     1     -6.5369931690E-10  -4.0643044474E-08   1.6372972595E-02   0.0000000000E+00
     2     -2.9707410136E-02  -4.0955683257E-08   5.6843418860E-11   1.6372973193E-02
     3      4.8658138803E-08  -5.4130601799E-01  -3.6915661500E-10   6.8234341786E-10
     4     -3.9790393202E-10  -8.2422957560E-08  -2.9224831138E-02  -8.2422957348E-10
     5      5.8932693491E-02  -8.0291329102E-08   1.8474111130E-09  -2.9224830627E-02
     6     -8.0291329102E-08   5.8798229941E-01   4.5474753419E-10  -9.9475964136E-10
     7      1.8474111130E-09   4.5474753419E-10   1.2845678782E-02  -7.6738615462E-10
     8     -2.9224830627E-02  -9.9475964136E-10  -7.6738615462E-10   1.2845675940E-02

$vibrational_frequencies
4
    0      402.772321
    1      402.772325
    2      886.912433
    3     1963.350083

#
# The atoms: label  mass x y z (in bohrs)
#
$atoms
3
 F     18.99800     -3.051856885410    -0.000000000108     0.000000000292
 C     12.01100     -0.790556510147    -0.000000000014     0.000000000010
 P     30.97400      2.178425497269     0.000000000072    -0.000000000183

$actual_temperature
  0.000000

$frequency_scale_factor
  1.000000

$eigenvectors_mass_weighted_hessian
9 4
                       0                    1                    2                    3          
      0           -0.00000014673       -0.00000001361        0.69790175079       -0.45434540842
      1           -0.31212095204        0.24942093465       -0.00000006530       -0.00000000702
      2           -0.24942093465       -0.31212095204       -0.00000006326       -0.00000000717
      3           -0.00000007106       -0.00000000737        0.21787462316        0.87106355061
      4            0.69152017080       -0.55260502765        0.00000014473        0.00000001554
      5            0.55260502765        0.69152017080        0.00000014001        0.00000001591
      6            0.00000015916        0.00000001525       -0.68224907096       -0.18659726862
      7           -0.18617823410        0.14877805818       -0.00000003899       -0.00000000418
      8           -0.14877805818       -0.18617823410       -0.00000003764       -0.00000000430


$end

