
$orca_hessian_file

$act_atom
  0

$act_coord
  0

$act_energy
        0.000000

$hessian
9
                    0                  1                  2                  3                  4        
    0      5.0271823300E-01  -3.3142416453E-16   1.1799943467E-15  -4.6963459903E-01   2.6928199423E-16
    1     -3.3142416453E-16   3.3654735584E-02  -7.9367791860E-16   2.9170518194E-16  -4.8407051423E-02
    2      1.1799943467E-15  -7.9367791860E-16   3.3654735584E-02  -3.4082188894E-15  -8.4340827718E-12
    3     -4.6963459903E-01   2.9170518194E-16  -3.4082188894E-15   1.0130586552E+00  -1.9471431202E-16
    4      2.6928199423E-16  -4.8407051423E-02  -8.4340827718E-12  -1.9471431202E-16   9.5439715588E-02
    5     -7.8747840031E-16   8.4367723328E-12  -4.8407051423E-02   1.0130016017E-14  -3.7183941492E-15
    6     -3.3080889272E-02   3.9640591535E-17   2.2287165571E-15  -5.4343586559E-01  -7.4746524314E-17
    7      9.8924502808E-17   1.4740543683E-02   8.4499633821E-12   7.4153398761E-17  -4.7020331480E-02
    8      1.2862951831E-15  -8.4511200617E-12   1.4740543684E-02  -2.8545091278E-15   8.4523560583E-12
                    5                  6                  7                  8        
     0     -7.8747840031E-16  -3.3080889272E-02   9.8924502808E-17   1.2862951831E-15
     1      8.4367723328E-12   3.9640591535E-17   1.4740543683E-02  -8.4511200617E-12
     2     -4.8407051423E-02   2.2287165571E-15   8.4499633821E-12   1.4740543684E-02
     3      1.0130016017E-14  -5.4343586559E-01   7.4153398761E-17  -2.8545091278E-15
     4     -3.7183941492E-15  -7.4746524314E-17  -4.7020331480E-02   8.4523560583E-12
     5      9.5439715587E-02  -9.3433480676E-15  -8.4475550411E-12  -4.7020331484E-02
     6     -9.3433480676E-15   5.7652581966E-01  -1.7282066841E-16   1.5685323809E-15
     7     -8.4475550411E-12  -1.7282066841E-16   3.2279227294E-02  -1.8250623008E-15
     8     -4.7020331484E-02   1.5685323809E-15  -1.8250623008E-15   3.2279227300E-02

$vibrational_frequencies
9
    0        0.000000
    1        0.000000
    2        0.000000
    3        0.000000
    4        0.000000
    5      513.799471
    6      513.799471
    7      796.761398
    8     1668.800708

$normal_modes
9 9
                    0                  1                  2                  3                  4        
    0      0.0000000000E+00   0.0000000000E+00   0.0000000000E+00   0.0000000000E+00   0.0000000000E+00
    1      0.0000000000E+00   0.0000000000E+00   0.0000000000E+00   0.0000000000E+00   0.0000000000E+00
    2      0.0000000000E+00   0.0000000000E+00   0.0000000000E+00   0.0000000000E+00   0.0000000000E+00
    3      0.0000000000E+00   0.0000000000E+00   0.0000000000E+00   0.0000000000E+00   0.0000000000E+00
    4      0.0000000000E+00   0.0000000000E+00   0.0000000000E+00   0.0000000000E+00   0.0000000000E+00
    5      0.0000000000E+00   0.0000000000E+00   0.0000000000E+00   0.0000000000E+00   0.0000000000E+00
    6      0.0000000000E+00   0.0000000000E+00   0.0000000000E+00   0.0000000000E+00   0.0000000000E+00
    7      0.0000000000E+00   0.0000000000E+00   0.0000000000E+00   0.0000000000E+00   0.0000000000E+00
    8      0.0000000000E+00   0.0000000000E+00   0.0000000000E+00   0.0000000000E+00   0.0000000000E+00
                    5                  6                  7                  8        
     0      9.0105484768E-16  -1.2120522208E-14   8.2479268028E-01  -2.8989366168E-01
     1      3.2287829568E-01   2.5698786669E-03  -4.8170471220E-16   9.1779942333E-17
     2      2.5698786669E-03  -3.2287829568E-01  -1.0215018097E-14  -3.1685100395E-15
     3     -6.8919986416E-17  -1.1581301749E-14   1.2021913042E-01   9.3876624036E-01
     4     -9.3218716614E-01  -7.4195383953E-03   1.3907374902E-15  -2.6497936063E-16
     5     -7.4195383953E-03   9.3218716614E-01   2.9491944487E-14   9.1478567439E-15
     6     -5.2593924063E-16   1.1925120947E-14  -5.5250737120E-01  -1.8622462480E-01
     7      1.6344218348E-01   1.3008820544E-03  -2.4384070100E-16   4.6459345132E-17
     8      1.3008820544E-03  -1.6344218348E-01  -5.1708798160E-15  -1.6039114619E-15

#
# The atoms: label  mass x y z (in bohrs)
#
$atoms
3
 F     18.99800     -0.015369218403     0.000000000000     0.000000000000
 C     12.01100      2.425061432456     0.000000000000     0.000000000000
 P     30.97400      5.382064375854     0.000000000000     0.000000000000

$actual_temperature
  0.000000

$frequency_scale_factor
  1.000000

$dipole_derivatives
9
   -1.7195322097E+00   -9.6093772754E-16    7.8706505885E-15
   -4.2782267112E-15    3.7965796941E-02   -3.9497681034E-10
    2.7321776140E-14    3.9498181100E-10    3.7965796960E-02
    1.9435257949E+00    1.0686270417E-14   -1.5598920919E-14
   -4.6776580693E-15   -1.3690036168E-01    3.1275032596E-10
   -1.8908840577E-13   -3.1273555746E-10   -1.3690036167E-01
   -2.2406888046E-01   -9.7190901174E-15    7.7289533382E-15
    1.3789397968E-15    9.8930381044E-02    8.2017355019E-11
   -7.5407136118E-14   -8.2036492291E-11    9.8930381016E-02

#
# The IR spectrum
#  wavenumber T**2 TX TY  TY
#
$ir_spectrum
9
      0.00       0.0000       0.0000       0.0000       0.0000
      0.00       0.0000       0.0000       0.0000       0.0000
      0.00       0.0000       0.0000       0.0000       0.0000
      0.00       0.0000       0.0000       0.0000       0.0000
      0.00       0.0000       0.0000       0.0000       0.0000
    513.80       1.7922       0.0000       1.3387       0.0107
    513.80       1.7922      -0.0000       0.0107      -1.3387
    796.76      48.6441      -6.9745       0.0000      -0.0000
   1668.80     411.2563      20.2795       0.0000      -0.0000


$end

